0.913363 0.880075 0.836631 0.789228 0.739915 0.689582 0.638721 0.587651 0.5366 0.485734 0.435183 0.385045 0.335406 0.286346 0.237956 0.190355 0.143732 0.0984215 0.0551223 0.0155361
0.822514 0.800995 0.766235 0.723701 0.676548 0.626683 0.57536 0.52346 0.471631 0.420358 0.370012 0.320882 0.273207 0.22721 0.183127 0.141252 0.102001 0.0660119 0.0343147 0.00859368
0.749969 0.733306 0.703636 0.664787 0.61981 0.570988 0.520034 0.468248 0.416623 0.365915 0.316707 0.269444 0.224488 0.182149 0.142735 0.10659 0.0741438 0.0459582 0.0227609 0.00540454
0.689435 0.675117 0.648494 0.612322 0.569301 0.521786 0.471731 0.420714 0.369988 0.320525 0.273072 0.228193 0.18632 0.147799 0.112931 0.0820033 0.0553174 0.0331906 0.0159216 0.00368434
0.637602 0.624595 0.599933 0.565759 0.524469 0.478375 0.429546 0.379736 0.330379 0.282604 0.237275 0.19503 0.156331 0.121508 0.090798 0.0643739 0.0423539 0.0247918 0.0116358 0.00265461
0.592476 0.580312 0.557032 0.524437 0.484702 0.440075 0.39267 0.344345 0.296653 0.250828 0.207806 0.168261 0.132647 0.101245 0.0742012 0.0515512 0.0332339 0.0190855 0.00881856 0.00199399
0.552738 0.541183 0.51897 0.487699 0.449398 0.406252 0.360384 0.313708 0.267849 0.2241 0.183436 0.146532 0.113813 0.0854896 0.0616078 0.0420734 0.0266746 0.01509 0.0068913 0.00154855
0.517446 0.506378 0.485053 0.454952 0.418001 0.37633 0.332053 0.28711 0.243157 0.201518 0.163173 0.12878 0.0987137 0.0731138 0.0519276 0.0349501 0.0218544 0.0122148 0.00552784 0.00123641
0.485898 0.475247 0.454705 0.425676 0.390013 0.349798 0.307127 0.263941 0.221905 0.182343 0.146223 0.114169 0.0865019 0.0632868 0.0443864 0.0295069 0.0182391 0.0100941 0.00453512 0.00101069
0.457548 0.447273 0.427448 0.399423 0.364997 0.326211 0.285133 0.243689 0.203533 0.165975 0.131955 0.102053 0.0765338 0.0553967 0.0384327 0.0252804 0.0154756 0.0084949 0.0037941 0.000843068
0.431964 0.422037 0.402883 0.375812 0.34258 0.305184 0.265664 0.225919 0.18758 0.151928 0.119864 0.0919259 0.0683217 0.0489921 0.033671 0.0219484 0.0133256 0.00726469 0.00322872 0.000715705
0.408798 0.399198 0.380681 0.354522 0.322439 0.28639 0.248379 0.210271 0.173666 0.139806 0.109554 0.0833972 0.0614951 0.043738 0.0298157 0.0192841 0.0116259 0.00630127 0.00278896 0.000616971
0.387771 0.378483 0.360571 0.335285 0.304305 0.269552 0.23299 0.196446 0.161481 0.129296 0.100709 0.0761631 0.0557722 0.0393852 0.0266585 0.0171261 0.0102625 0.0055347 0.00244105 0.000539078
0.368664 0.359671 0.342338 0.317886 0.287961 0.254446 0.219264 0.184202 0.150775 0.120144 0.0930816 0.0699886 0.0509388 0.0357475 0.0240469 0.015358 0.00915497 0.00491625 0.00216174 0.00047669
0.351317 0.342605 0.325821 0.302161 0.273239 0.240899 0.20702 0.173348 0.141355 0.112156 0.0864822 0.064695 0.0468335 0.0326867 0.0218692 0.013896 0.00824587 0.00441164 0.00193478 0.000426102
0.335645 0.327198 0.310931 0.288016 0.260037 0.228796 0.196136 0.163755 0.133082 0.105191 0.0807725 0.0601519 0.0433394 0.0301027 0.0200452 0.0126803 0.00749478 0.00399688 0.00174891 0.000384741
0.32167 0.313468 0.297677 0.275451 0.24834 0.218112 0.186566 0.155362 0.125885 0.0991698 0.0758693 0.0562776 0.0403807 0.0279301 0.018522 0.0116714 0.00687477 0.00365599 0.0015966 0.000350899
0.309589 0.301604 0.286238 0.264624 0.238284 0.208952 0.178392 0.148223 0.119792 0.0940974 0.0717613 0.0530503 0.0379305 0.0261412 0.0172746 0.0108494 0.00637189 0.00338048 0.00147381 0.000323647
0.299925 0.292118 0.277099 0.255985 0.230274 0.201673 0.171913 0.142581 0.114994 0.0901189 0.0685526 0.0505404 0.0360333 0.0247622 0.0163171 0.0102209 0.00598861 0.00317105 0.00138064 0.000302989
0.293845 0.286152 0.271355 0.250559 0.225249 0.197112 0.16786 0.139059 0.112005 0.0876472 0.0665643 0.0489894 0.0348642 0.0239147 0.0157302 0.00983653 0.00575474 0.00304348 0.00132396 0.000290428